23,28
23,27
23,26
23,25
23,24
23,23
23,22
23,21
23,20
23,19
23,18
23,17
23,16
23,15
23,14
23,13
23,12
23,11
23,10
23,9
23,8
23,7
23,6
23,5
23,4
23,3
23,2
23,1
23,0
22,13
22,12
22,11
22,10
22,9
22,8
22,7
22,6
22,5
22,4
22,3
22,2
22,1
22,0
21,9
21,8
21,7
21,6
21,5
21,4
21,3
21,2
21,1
21,0
20,5
20,4
20,3
20,2
20,1
20,0
19,4
19,3
19,2
19,1
19,0
18,7
18,6
18,5
18,4
18,3
18,2
18,1
18,0
17,6
17,5
17,4
17,3
17,2
17,1
17,0
16,8
16,7
16,6
16,5
16,4
16,3
16,2
16,1
16,0
15,4
15,3
15,2
15,1
15,0
14,5
14,4
14,3
14,2
14,1
14,0
11,5
11,4
11,3
11,2
11,1
11,0
10,5
10,4
10,3
10,2
10,1
10,0
9,4
9,3
9,2
9,1
9,0
8,3
8,2
8,1
8,0
7,87
7,86
7,85
7,83
7,82
7,81
7,80
7,79
7,78
7,77
7,76
7,75
7,74
7,73
7,72
7,71
7,70
7,69
7,68
7,66
7,65
7,64
7,33
7,32
7,31
7,27
7,26
7,25
7,24
7,23
7,22
7,21
7,18
7,17
7,16
7,15
7,14
7,12
7,11
7,10
7,9
7,8
7,7
7,5
7,3
7,2
7,1
7,0
6,34
6,33
6,32
6,31
6,30
6,29
6,28
6,27
6,26
6,25
6,24
6,23
6,22
6,21
6,20
6,19
6,18
6,17
6,16
6,15
6,14
6,13
6,12
6,11
6,10
6,9
6,8
6,7
6,6
6,5
6,4
6,3
6,2
6,1
6,0
2,21
2,20
2,19
2,18
2,17
2,16
2,15
2,14
2,13
2,12
2,11
2,10
2,9
2,8
2,7
2,6
2,4
2,2
2,1
2,0
2,5
2,3
0,535
0,442
1,3
0,388
0,308
4,3
0,243
0,9
0,1
23,29
23,30
23,32
23,33
23,35
23,36
23,38
23,40
23,41
23,43
23,44
23,46
23,48
23,49
23,51
23,52
23,54
23,55
23,57
23,59
23,60
23,62
23,63
23,65
23,67
23,128
24,0
24,1
24,3
24,4
24,6
26,0
26,1
26,3
26,4
26,6
27,1
27,2
27,4
27,5
28,1
28,2
28,4
28,6
28,7
29,0
29,1
29,3
30,0
30,1
30,3
30,4
30,6
31,1
31,2
31,4
31,5
32,0
32,1
32,3
33,1
33,2
33,4
33,5
34,0
34,2
34,3
34,5
34,6
35,1
35,2
35,4
35,6
35,7
35,9
35,10
35,12
36,1
36,2
36,4
36,5
37,1
37,2
37,4
37,6
38,0
38,2
38,3
38,5
40,0
40,1
40,3
40,4
40,6
41,1
41,2
41,4
41,5
41,7
41,8
42,1
42,3
42,4
42,6
43,0
43,2
43,4
43,5
44,1
44,2
44,4
44,5
44,7
44,9
44,10
45,0
45,1
45,3
45,5
45,6
46,1
46,2
46,4
48,0
48,2
48,4
48,5
49,0
49,1
49,3
49,5
50,0
50,2
50,3
50,5
50,6
50,8
51,0
51,1
51,3
51,4
52,0
52,2
52,3
53,0
53,1
53,3
53,5
53,6
54,1
54,2
54,4
54,5
55,0
55,2
55,3
55,5
56,0
56,2
56,4
56,5
57,1
57,2
57,4
57,5
57,7
58,1
58,2
58,4
58,5
60,1
60,3
60,4
61,1
61,2
61,4
61,5
62,1
62,3
62,4
62,6
65,0
65,2
65,4
65,5
65,7
65,8
65,10
65,12
65,13
65,15
65,16
65,18
65,19
65,21
65,23
65,24
65,26
65,27
65,29
65,31
65,32
65,34
65,35
65,37
65,38
65,65
65,67
65,68
65,70
65,71
65,73
65,75
65,76
65,78
65,79
65,81
65,82
65,84
65,86
65,87
65,89
65,90
66,0
66,2
66,3
66,5
66,6
66,8
66,9
67,0
67,2
67,3
67,5
67,6
68,1
68,3
68,4
68,6
69,0
69,2
69,4
69,5
70,1
70,2
70,4
70,5
71,1
71,3
71,4
71,6
72,0
72,2
72,4
72,5
73,0
73,1
73,3
73,4
73,6
75,1
75,2
75,4
75,19
75,21
75,23
75,24
75,26
75,27
75,29
75,30
75,32
76,1
76,2
76,4
76,5
76,7
76,9
76,10
76,12
76,13
76,15
76,17
76,18
76,20
76,21
76,23
76,24
76,26
76,28
77,0
77,2
77,3
77,5
77,7
77,8
77,10
77,11
77,13
77,14
77,16
77,18
77,19
77,21
77,22
77,24
77,26
77,27
77,29
77,30
77,32
77,33
77,35
78,1
78,2
79,0
79,1
79,3
79,5
79,6
79,8
79,9
79,11
79,13
79,14
79,16
79,17
79,19
79,20
79,22
79,24
79,25
79,27
79,28
79,30
79,32
79,33
79,35
79,36
79,38
79,39
79,41
79,43
79,44
79,46
79,64
79,66
79,68
79,69
79,71
79,72
79,74
79,75
79,77
79,79
79,80
79,82
79,83
79,85
79,87
79,88
79,90
79,91
79,93
79,94
79,96
79,98
79,99
79,101
79,102
79,104
79,106
79,107
79,109
79,110
79,112
79,114
79,115
79,117
79,118
79,120
79,121
79,123
79,125
79,126
79,128
79,129
79,131
79,133
79,134
79,136
79,137
79,139
79,140
79,142
79,144
79,145
79,147
79,148
79,150
79,152
79,153
79,155
79,156
79,158
79,159
79,161
79,163
79,164
79,166
79,167
79,169
79,171
79,172
79,174
79,175
79,177
79,179
79,180
79,182
79,183
79,185
79,186
79,188
79,190
79,191
79,193
79,194
79,196
79,198
79,199
79,201
79,202
79,204
79,205
79,207
79,209
79,210
79,212
79,213
79,215
79,217
79,218
79,220
79,221
79,223
79,224
79,226
79,228
79,229
79,231
79,232
79,234
79,236
79,237
79,239
79,240
79,255
79,319
80,1
80,3
80,4
80,6
80,7
80,13
80,17
80,18
80,21
81,0
81,2
81,4
81,5
81,7
81,8
81,10
81,11
81,13
81,15
81,16
81,18
81,19
81,21
81,23
81,24
81,26
81,27
81,29
81,30
81,32
81,34
81,35
81,37
81,64
81,66
81,68
81,69
81,71
81,72
81,74
81,75
81,77
81,79
81,80
81,82
81,83
81,85
81,87
81,88
81,90
81,91
81,93
81,95
81,96
81,98
81,99
81,101
81,102
81,111
81,113
81,114
81,116
81,117
81,119
81,121
81,122
81,124
81,125
81,127
81,128
81,130
81,132
81,133
81,135
81,136
81,138
81,140
81,141
81,143
81,144
81,146
81,147
81,149
81,151
81,152
81,154
81,155
81,157
81,159
81,160
81,162
81,163
81,165
81,166
81,168
81,170
81,171
81,173
81,174
81,176
82,1
82,2
82,4
82,5
83,1
83,3
83,4
83,6
83,7
83,9
83,10
83,12
83,14
83,15
83,17
83,18
83,20
83,22
83,23
83,25
83,26
83,28
83,29
83,31
83,33
83,34
83,36
83,37
83,64
83,66
83,67
83,69
83,77
83,79
83,80
83,82
83,84
83,85
83,87
83,88
83,90
83,92
83,93
83,96
83,97
83,99
84,1
84,2
84,4
84,5
85,1
85,2
85,4
85,6
85,7
85,9
85,10
85,12
85,14
85,15
85,17
85,18
85,21
85,22
85,24
85,26
85,27
85,29
85,30
85,32
85,34
85,35
85,37
85,38
85,40
85,41
85,43
85,45
85,46
85,65
86,0
86,2
86,4
86,5
86,7
86,8
86,10
86,12
86,13
86,15
86,16
86,18
86,19
87,0
87,2
87,3
87,5
87,7
88,0
88,2
88,3
88,5
88,6
88,8
88,9
88,11
88,13
88,14
88,16
88,17
88,19
88,21
88,22
90,0
90,1
90,3
90,4
90,6
90,8
90,9
90,11
91,0
91,2
91,4
91,5
91,3
91,1
90,10
90,7
90,5
90,2
88,23
88,20
88,18
88,15
88,12
88,10
88,7
88,4
88,1
87,8
87,4
87,1
86,20
86,17
86,14
86,11
86,9
86,6
86,3
86,1
85,64
85,44
85,42
85,39
85,36
85,33
85,31
85,28
85,25
85,23
85,19
85,16
85,13
85,11
85,8
85,5
85,3
85,0
84,3
84,0
83,98
83,95
83,91
83,89
83,86
83,83
83,81
83,78
83,68
83,65
83,38
83,35
83,32
83,30
83,27
83,24
83,21
83,19
83,16
83,13
83,11
83,8
83,5
83,2
83,0
82,3
82,0
81,175
81,172
81,169
81,167
81,164
81,161
81,158
81,156
81,153
81,150
81,148
81,145
81,142
81,139
81,137
81,134
81,131
81,129
81,126
81,123
81,120
81,118
81,115
81,112
81,103
81,100
81,97
81,94
81,92
81,89
81,86
81,84
81,81
81,78
81,76
81,73
81,70
81,67
81,65
81,36
81,33
81,31
81,28
81,25
81,22
81,20
81,17
81,14
81,12
81,9
81,6
81,3
81,1
80,19
80,14
80,9
80,5
80,2
80,0
79,241
79,238
79,235
79,233
79,230
79,227
79,225
79,222
79,219
79,216
79,214
79,211
79,208
79,206
79,203
79,200
79,197
79,195
79,192
79,189
79,187
79,184
79,181
79,178
79,176
79,173
79,170
79,168
79,165
79,162
79,160
79,157
79,154
79,151
79,149
79,146
79,143
79,141
79,138
79,135
79,132
79,130
79,127
79,124
79,122
79,119
79,116
79,113
79,111
79,108
79,105
79,103
79,100
79,97
79,95
79,92
79,89
79,86
79,84
79,81
79,78
79,76
79,73
79,70
79,67
79,65
79,45
79,42
79,40
79,37
79,34
79,31
79,29
79,26
79,23
79,21
79,18
79,15
79,12
79,10
79,7
79,4
79,2
78,3
78,0
77,34
77,31
77,28
77,25
77,23
77,20
77,17
77,15
77,12
77,9
77,6
77,4
77,1
76,27
76,25
76,22
76,19
76,16
76,14
76,11
76,8
76,6
76,3
76,0
75,31
75,28
75,25
75,22
75,20
75,3
75,0
73,5
73,2
72,6
72,3
72,1
71,5
71,2
71,0
70,3
70,0
69,3
69,1
68,5
68,2
68,0
67,4
67,1
66,10
66,7
66,4
66,1
65,91
65,88
65,85
65,83
65,80
65,77
65,74
65,72
65,69
65,66
65,64
65,36
65,33
65,30
65,28
65,25
65,22
65,20
65,17
65,14
65,11
65,9
65,6
65,3
65,1
62,5
62,2
62,0
61,3
61,0
60,2
60,0
58,3
58,0
57,6
57,3
57,0
56,3
56,1
55,4
55,1
54,6
54,3
54,0
53,4
53,2
52,4
52,1
51,5
51,2
50,9
50,7
50,4
50,1
49,4
49,2
48,6
48,3
48,1
46,3
46,0
45,4
45,2
44,11
44,8
44,6
44,3
44,0
43,3
43,1
42,5
42,2
42,0
41,6
41,3
41,0
40,5
40,2
38,6
38,4
38,1
37,5
37,3
37,0
36,3
36,0
35,11
35,8
35,5
35,3
35,0
34,4
34,1
33,6
33,3
33,0
32,2
31,6
31,3
31,0
30,5
30,2
29,4
29,2
28,8
28,5
28,3
28,0
27,3
27,0
26,5
26,2
24,7
24,5
24,2
23,191
23,66
23,64
23,61
23,58
23,56
23,53
23,50
23,47
23,45
23,42
23,39
23,37
23,34
23,31
0,402
0,300
0,299
0,298
0,297
0,296
0,295
0,294
0,293
0,292
0,291
0,290
0,289
0,288
0,287
0,286
0,285
0,284
0,283
0,282
0,281
0,280
0,279
0,278
0,277
0,276
0,275
0,274
0,273
0,272
0,271
0,270
0,269
0,268
0,267
0,266
0,265
0,264
0,263
0,262
0,261
0,260
0,259
0,258
0,257
0,256
0,255
0,254
0,253
0,252
0,251
0,250
0,249
0,248
0,247
0,246
0,245
0,244
0,242
0,241
0,240
0,239
0,238
0,237
0,236
0,235
0,234
0,233
0,232
0,231
0,230
0,229
0,228
0,227
0,226
0,225
0,224
0,223
0,222
0,221
0,220
0,219
0,218
0,217
0,216
0,215
0,214
0,213
0,212
0,211
0,210
0,209
0,208
0,207
0,206
0,205
0,204
0,203
0,202
0,201
0,200
0,199
0,198
0,197
0,196
0,195
0,194
0,193
0,192
0,63
0,62
0,61
0,60
0,59
0,58
0,57
0,56
0,55
0,54
0,53
0,52
0,51
0,50
0,49
0,48
0,47
0,46
0,45
0,6
0,0
0,5
0,304
0,303
0,306
0,305
0,302
0,534
0,12
0,307
0,10
0,8
0,401
0,11
0,4
0,2
0,3
0,7
